0 0.71171875 0.321875 0.02109375 0.0265625
0 0.928125 0.38984375 0.028125 0.05
0 0.475 0.8640625 0.01328125 0.02421875
0 0.5390625 0.728125 0.025 0.02109375
1 0.41171875 0.53125 0.01171875 0.021875
1 0.21953125 0.5515625 0.01328125 0.0203125
0 0.1078125 0.596875 0.02109375 0.02421875
1 0.05 0.534375 0.01953125 0.0203125
0 0.75234375 0.53203125 0.015625 0.02421875
0 0.77109375 0.61328125 0.02421875 0.05
0 0.259375 0.23984375 0.0125 0.0171875
0 0.253125 0.425 0.0109375 0.02109375
0 0.05859375 0.32265625 0.01796875 0.021875
0 0.1359375 0.1265625 0.01328125 0.015625