0 0.1453125 0.4703125 0.01875 0.02890625
1 0.1765625 0.38125 0.01640625 0.02421875
1 0.25 0.45078125 0.01484375 0.01484375
1 0.27578125 0.27421875 0.015625 0.02734375
0 0.74921875 0.41953125 0.01875 0.02578125
0 0.753125 0.45859375 0.0109375 0.015625
0 0.7890625 0.5046875 0.01484375 0.0265625
0 0.83203125 0.49609375 0.04296875 0.05078125
0 0.3515625 0.35390625 0.01328125 0.01875
0 0.51328125 0.45078125 0.01484375 0.01796875
0 0.38203125 0.59921875 0.0125 0.01953125
0 0.52109375 0.66953125 0.03359375 0.02265625
1 0.6984375 0.5046875 0.0203125 0.0171875
1 0.94140625 0.37265625 0.01640625 0.02421875