0 0.24453125 0.03203125 0.01953125 0.02421875
0 0.4765625 0.021875 0.01328125 0.01875
0 0.3640625 0.140625 0.01171875 0.01796875
0 0.08359375 0.16015625 0.0234375 0.03046875
0 0.084375 0.40078125 0.0140625 0.0203125
0 0.0328125 0.74296875 0.01484375 0.01796875
0 0.0609375 0.76640625 0.0234375 0.03125
0 0.21796875 0.56796875 0.0203125 0.02421875
0 0.2859375 0.51171875 0.0140625 0.0203125
0 0.53671875 0.56015625 0.03203125 0.05234375
1 0.48203125 0.4265625 0.01875 0.025
0 0.77109375 0.68671875 0.0265625 0.021875
1 0.5328125 0.975 0.03046875 0.04296875
1 0.33203125 0.80703125 0.01953125 0.021875
0 0.340625 0.69921875 0.01953125 0.0171875
0 0.36484375 0.6109375 0.015625 0.01796875
0 0.259375 0.73125 0.01484375 0.0203125
0 0.29296875 0.69375 0.01015625 0.01484375
0 0.290625 0.75390625 0.0140625 0.01796875
0 0.271875 0.76796875 0.01171875 0.0109375
1 0.184375 0.9390625 0.0140625 0.02109375
0 0.13671875 0.93203125 0.01328125 0.0234375
1 0.23515625 0.60546875 0.015625 0.0140625
0 0.14140625 0.6953125 0.0171875 0.01796875
0 0.26171875 0.48515625 0.00859375 0.0140625
1 0.4625 0.7828125 0.0140625 0.01640625
1 0.478125 0.7578125 0.0109375 0.0109375
0 0.584375 0.8765625 0.0140625 0.01796875
0 0.73046875 0.3640625 0.03671875 0.0359375
0 0.978125 0.3203125 0.0109375 0.02265625
0 0.93046875 0.334375 0.01640625 0.01953125