1 0.17734375 0.478125 0.0328125 0.04375
1 0.1625 0.346875 0.02578125 0.03359375
0 0.6328125 0.33984375 0.0390625 0.0453125
0 0.63984375 0.290625 0.02734375 0.05234375
0 0.52734375 0.190625 0.04453125 0.0421875
0 0.55234375 0.34921875 0.021875 0.02578125
1 0.37421875 0.33984375 0.0140625 0.01953125
1 0.35234375 0.1890625 0.01875 0.021875
0 0.44453125 0.44921875 0.03671875 0.04296875
0 0.52890625 0.41484375 0.021875 0.0203125
0 0.61640625 0.46875 0.01328125 0.025
0 0.68125 0.2953125 0.0140625 0.025
1 0.58984375 0.33515625 0.01328125 0.01796875
0 0.38125 0.56015625 0.021875 0.01875
1 0.9703125 0.6515625 0.02109375 0.028125