0 0.5375 0.68984375 0.01640625 0.03359375
1 0.01796875 0.69140625 0.028125 0.0265625
0 0.096875 0.57265625 0.021875 0.0234375
0 0.7265625 0.30390625 0.025 0.0359375
0 0.83125 0.2703125 0.01875 0.02265625
0 0.94375 0.3484375 0.0140625 0.0203125
0 0.7359375 0.08125 0.021875 0.01875
0 0.653125 0.259375 0.05859375 0.03203125
0 0.88671875 0.10703125 0.01796875 0.0234375
0 0.1484375 0.28671875 0.02578125 0.01796875
0 0.0671875 0.13984375 0.015625 0.025
0 0.37890625 0.05390625 0.0171875 0.02578125
0 0.56875 0.47578125 0.0109375 0.02890625
0 0.65859375 0.37890625 0.02265625 0.01484375
0 0.71796875 0.48203125 0.015625 0.028125