0 0.15625 0.134375 0.015625 0.01640625
0 0.025 0.234375 0.015625 0.01796875
1 0.08828125 0.503125 0.01171875 0.01171875
0 0.1125 0.45234375 0.015625 0.01015625
0 0.2984375 0.63203125 0.01328125 0.01640625
0 0.51953125 0.58515625 0.0203125 0.0234375
0 0.5203125 0.64921875 0.01484375 0.0234375
1 0.50703125 0.69140625 0.01328125 0.01796875
1 0.959375 0.70234375 0.0140625 0.0265625
0 0.87421875 0.7828125 0.01953125 0.0203125
0 0.75625 0.60234375 0.01015625 0.0171875
0 0.84921875 0.38359375 0.01640625 0.025
0 0.87890625 0.42265625 0.01796875 0.02265625