0 0.09609375 0.20390625 0.00703125 0.01171875
0 0.190625 0.21484375 0.0109375 0.015625
0 0.08515625 0.35703125 0.01171875 0.02421875
0 0.3078125 0.23515625 0.01328125 0.0171875
0 0.33984375 0.22421875 0.01328125 0.0140625
0 0.3921875 0.253125 0.01640625 0.01484375
1 0.415625 0.30546875 0.0109375 0.01484375
0 0.4703125 0.12734375 0.015625 0.01796875
1 0.40859375 0.1515625 0.00859375 0.009375
0 0.47890625 0.07890625 0.0109375 0.0171875
1 0.61171875 0.04609375 0.02265625 0.0234375
1 0.65078125 0.028125 0.00859375 0.0171875
0 0.6171875 0.11796875 0.00625 0.01640625
1 0.7390625 0.190625 0.00625 0.0125
0 0.86484375 0.275 0.0109375 0.01640625
1 0.34921875 0.3640625 0.0171875 0.021875
0 0.28359375 0.640625 0.01640625 0.03125
0 0.32578125 0.5921875 0.0171875 0.0328125
0 0.40859375 0.559375 0.02734375 0.028125
0 0.15390625 0.7015625 0.0140625 0.021875
0 0.3484375 0.7625 0.01640625 0.0234375
0 0.3625 0.81953125 0.0171875 0.02265625
0 0.42578125 0.803125 0.01640625 0.0203125
1 0.08984375 0.87109375 0.040625 0.02421875
1 0.02109375 0.853125 0.02109375 0.02265625
0 0.02265625 0.8734375 0.0234375 0.0328125
0 0.25859375 0.93359375 0.0109375 0.02421875
0 0.465625 0.95390625 0.02109375 0.03671875
0 0.815625 0.828125 0.02109375 0.02578125
1 0.59140625 0.71953125 0.021875 0.02265625
0 0.0421875 0.590625 0.015625 0.03359375
0 0.0234375 0.64921875 0.02734375 0.02421875