1 0.05625 0.21484375 0.03046875 0.0421875
0 0.3578125 0.27421875 0.0203125 0.02578125
0 0.5 0.25 0.01328125 0.02265625
0 0.440625 0.58125 0.021875 0.02578125
0 0.35 0.61484375 0.01953125 0.021875
0 0.2078125 0.79375 0.02265625 0.0171875
0 0.3765625 0.796875 0.06875 0.05
0 0.48828125 0.92890625 0.034375 0.04765625
1 0.44140625 0.91875 0.0140625 0.01640625
0 0.4890625 0.88125 0.01953125 0.0328125
1 0.40546875 0.93671875 0.015625 0.01640625
0 0.2375 0.9359375 0.02578125 0.0265625
0 0.51015625 0.72265625 0.0125 0.0234375
0 0.53203125 0.88125 0.01796875 0.01875
0 0.87421875 0.4640625 0.021875 0.03125
0 0.90390625 0.38203125 0.01953125 0.034375
0 0.97421875 0.3703125 0.01796875 0.0265625
1 0.6609375 0.2640625 0.0125 0.01171875