0 0.89921875 0.43828125 0.02109375 0.03046875
1 0.88984375 0.690625 0.02578125 0.03203125
0 0.4875 0.521875 0.02578125 0.028125
0 0.51015625 0.45625 0.02890625 0.0234375
1 0.36015625 0.44296875 0.021875 0.0296875
0 0.3828125 0.43984375 0.01796875 0.01796875
0 0.3765625 0.48359375 0.0265625 0.01875
1 0.23046875 0.41015625 0.021875 0.02265625
0 0.34375 0.1671875 0.0171875 0.021875
1 0.11328125 0.07890625 0.03359375 0.03671875
0 0.16015625 0.06015625 0.0234375 0.0265625
0 0.06640625 0.34375 0.01796875 0.03125
0 0.34296875 0.65859375 0.02578125 0.05859375
0 0.3921875 0.69453125 0.0265625 0.02890625
0 0.31015625 0.7296875 0.025 0.02734375