0 0.878125 0.8875 0.01640625 0.04921875
0 0.55 0.68203125 0.02578125 0.02890625
0 0.528125 0.78515625 0.02421875 0.0734375
0 0.32578125 0.8359375 0.02265625 0.0203125
0 0.375 0.6625 0.01484375 0.02890625
0 0.2859375 0.68359375 0.025 0.0234375
0 0.49375 0.50859375 0.02265625 0.02265625
0 0.459375 0.50546875 0.0140625 0.01484375
0 0.51796875 0.3453125 0.015625 0.0171875
0 0.34453125 0.44296875 0.021875 0.01640625
0 0.42421875 0.0640625 0.0359375 0.05546875
0 0.1890625 0.07734375 0.01796875 0.0234375
0 0.521875 0.8546875 0.01796875 0.021875