0 0.12734375 0.584375 0.1859375 0.28828125
0 0.3765625 0.5265625 0.04296875 0.04609375
0 0.27578125 0.47109375 0.0234375 0.0234375
0 0.3265625 0.38359375 0.03203125 0.03515625
0 0.40390625 0.34453125 0.0203125 0.021875
0 0.6015625 0.38125 0.0125 0.015625
0 0.628125 0.484375 0.01171875 0.02109375
0 0.7359375 0.55703125 0.015625 0.02109375
0 0.71171875 0.58203125 0.01796875 0.02578125
0 0.871875 0.525 0.0171875 0.0328125
0 0.940625 0.58046875 0.06328125 0.0265625
0 0.78984375 0.73359375 0.0140625 0.01796875
0 0.89921875 0.83046875 0.0171875 0.02734375
0 0.7859375 0.84609375 0.0140625 0.02109375
0 0.921875 0.9234375 0.01640625 0.0296875
0 0.3234375 0.82890625 0.01953125 0.02578125
1 0.23125 0.8203125 0.01484375 0.021875
1 0.43046875 0.1296875 0.01640625 0.02734375
1 0.7171875 0.29375 0.0171875 0.02421875