0 0.67109375 0.18515625 0.0359375 0.0625
0 0.43671875 0.28515625 0.0171875 0.02421875
0 0.32734375 0.35390625 0.0421875 0.065625
0 0.3484375 0.46953125 0.0203125 0.02421875
0 0.4109375 0.50234375 0.0234375 0.0328125
0 0.56484375 0.44765625 0.01484375 0.021875
0 0.57421875 0.56484375 0.01796875 0.02265625
0 0.58828125 0.6375 0.01640625 0.03203125
0 0.8609375 0.5984375 0.0265625 0.034375
0 0.89375 0.696875 0.02578125 0.03671875
0 0.984375 0.7375 0.02265625 0.034375
0 0.2578125 0.60625 0.01015625 0.0265625
0 0.375 0.68984375 0.015625 0.02109375
0 0.02890625 0.8109375 0.01171875 0.02109375
0 0.5671875 0.8390625 0.01796875 0.021875