0 0.2328125 0.09921875 0.01796875 0.0234375
0 0.4390625 0.13046875 0.02265625 0.02265625
0 0.1546875 0.703125 0.01953125 0.021875
0 0.05625 0.70859375 0.01796875 0.01875
0 0.0890625 0.7359375 0.01875 0.02265625
0 0.153125 0.88125 0.0140625 0.02890625
0 0.28203125 0.95234375 0.03984375 0.034375
0 0.52421875 0.9140625 0.03046875 0.05546875
1 0.33515625 0.759375 0.0171875 0.02421875
0 0.36484375 0.659375 0.0203125 0.021875
0 0.27109375 0.69296875 0.01796875 0.0234375
0 0.32578125 0.6734375 0.015625 0.0234375
0 0.74609375 0.65234375 0.0359375 0.03359375
0 0.7828125 0.6265625 0.0125 0.021875
0 0.7453125 0.50703125 0.028125 0.01875
1 0.4078125 0.459375 0.0234375 0.021875
0 0.35859375 0.33515625 0.0109375 0.0234375
0 0.92734375 0.99140625 0.03515625 0.0171875
1 0.71484375 0.7625 0.02265625 0.01875
1 0.6671875 0.65 0.01015625 0.02265625
0 0.5875 0.55625 0.01796875 0.0203125
1 0.3875 0.24140625 0.01328125 0.02265625
1 0.2859375 0.253125 0.01640625 0.01875