0 0.05078125 0.525 0.021875 0.03203125
0 0.11484375 0.3609375 0.03515625 0.04296875
1 0.16640625 0.5125 0.03125 0.0375
1 0.2703125 0.3578125 0.025 0.02421875
0 0.3015625 0.04609375 0.03984375 0.0640625
0 0.5078125 0.07265625 0.015625 0.01796875
0 0.30859375 0.22890625 0.02265625 0.02421875
0 0.5421875 0.36640625 0.01640625 0.0375
0 0.55234375 0.28125 0.0125 0.0125
0 0.6375 0.34765625 0.01328125 0.01953125
0 0.4140625 0.7546875 0.0234375 0.0203125
0 0.41640625 0.66484375 0.0140625 0.025
0 0.63671875 0.5953125 0.0234375 0.03046875
0 0.503125 0.7953125 0.01484375 0.0234375