0 0.2 0.17109375 0.021875 0.028125
1 0.0234375 0.321875 0.02421875 0.0234375
0 0.259375 0.24140625 0.01015625 0.02265625
1 0.371875 0.07890625 0.01015625 0.02109375
0 0.27578125 0.51875 0.025 0.0484375
0 0.06328125 0.5078125 0.0109375 0.0140625
0 0.5421875 0.3765625 0.06953125 0.0375
1 0.47890625 0.35390625 0.0171875 0.02578125
0 0.51640625 0.61953125 0.01328125 0.0171875
1 0.98984375 0.66875 0.01953125 0.0171875
1 0.7796875 0.39453125 0.01640625 0.025
1 0.4953125 0.128125 0.01015625 0.01953125
0 0.53671875 0.03046875 0.03046875 0.03125
0 0.79296875 0.03203125 0.0109375 0.0140625
0 0.88671875 0.059375 0.025 0.03203125