1 0.07578125 0.43515625 0.0234375 0.034375
0 0.09453125 0.14765625 0.0578125 0.03984375
0 0.26171875 0.15546875 0.0328125 0.0171875
0 0.2390625 0.19375 0.01953125 0.02578125
0 0.3203125 0.12578125 0.0296875 0.034375
0 0.2296875 0.040625 0.03125 0.0375
0 0.6984375 0.06953125 0.034375 0.0375
0 0.48203125 0.15234375 0.021875 0.034375
0 0.4484375 0.20546875 0.015625 0.0234375
1 0.434375 0.31171875 0.025 0.03515625
0 0.58203125 0.4125 0.02421875 0.02734375
0 0.6609375 0.484375 0.0390625 0.0359375
1 0.8484375 0.7703125 0.0234375 0.04375
1 0.63515625 0.54609375 0.0203125 0.03671875
0 0.62109375 0.25859375 0.015625 0.02578125