0 0.94921875 0.59140625 0.0203125 0.0375
1 0.83125 0.73359375 0.0265625 0.025
0 0.265625 0.38515625 0.0171875 0.03359375
0 0.21640625 0.37421875 0.01484375 0.02265625
0 0.22421875 0.33984375 0.01171875 0.0203125
0 0.128125 0.31015625 0.01640625 0.0203125
0 0.13515625 0.246875 0.01640625 0.02265625
0 0.41640625 0.05078125 0.015625 0.0234375
0 0.121875 0.621875 0.01328125 0.028125
0 0.0984375 0.6234375 0.0171875 0.0296875
0 0.04453125 0.5984375 0.021875 0.028125
0 0.0296875 0.6703125 0.0140625 0.0234375
1 0.05546875 0.97734375 0.02109375 0.03046875
0 0.09296875 0.521875 0.02421875 0.03515625