0 0.490625 0.41484375 0.03515625 0.04375
1 0.57890625 0.43359375 0.021875 0.01875
0 0.5609375 0.45390625 0.015625 0.0203125
1 0.50234375 0.6953125 0.0203125 0.025
0 0.0125 0.59296875 0.025 0.0421875
0 0.0875 0.28046875 0.01875 0.025
0 0.07734375 0.678125 0.021875 0.02421875
0 0.1 0.73984375 0.01953125 0.04609375
0 0.1671875 0.640625 0.0171875 0.0296875
0 0.3078125 0.7734375 0.0109375 0.0203125
0 0.24921875 0.84296875 0.0171875 0.02421875
1 0.29453125 0.865625 0.0125 0.02265625
1 0.33359375 0.85234375 0.0140625 0.0171875
1 0.159375 0.92265625 0.01953125 0.0140625
1 0.80859375 0.8375 0.01953125 0.0328125
0 0.79765625 0.8484375 0.015625 0.01796875
1 0.75 0.7859375 0.02265625 0.02421875
0 0.80625 0.74765625 0.01953125 0.01640625
0 0.6734375 0.59609375 0.02265625 0.02578125
0 0.98046875 0.471875 0.01640625 0.0296875
0 0.6953125 0.80546875 0.0125 0.0125
0 0.6890625 0.83828125 0.00859375 0.01640625
0 0.9046875 0.2828125 0.01640625 0.01484375