0 0.46484375 0.1984375 0.03359375 0.040625
1 0.56171875 0.22109375 0.01796875 0.01796875
1 0.53828125 0.23828125 0.0140625 0.01640625
1 0.48671875 0.47421875 0.02265625 0.0296875
0 0.29296875 0.5640625 0.0203125 0.02265625
0 0.27578125 0.65546875 0.0171875 0.02109375
0 0.23359375 0.6328125 0.01484375 0.02421875
0 0.07890625 0.53125 0.01640625 0.04921875
0 0.14765625 0.425 0.01796875 0.02578125
0 0.14921875 0.72109375 0.01640625 0.021875
0 0.0515625 0.803125 0.01640625 0.021875
0 0.22578125 0.82734375 0.02890625 0.028125
0 0.240625 0.92265625 0.0109375 0.0234375
0 0.47578125 0.909375 0.01953125 0.0203125
0 0.85390625 0.84765625 0.03515625 0.02890625
0 0.91015625 0.82890625 0.0234375 0.0171875
1 0.80703125 0.63515625 0.01796875 0.02109375
0 0.79453125 0.6421875 0.021875 0.03125
0 0.80546875 0.5390625 0.0265625 0.025
1 0.75078125 0.58046875 0.0234375 0.021875
0 0.6640625 0.38515625 0.01171875 0.01953125