1 0.13671875 0.61015625 0.02265625 0.02578125
1 0.46953125 0.38359375 0.01796875 0.0234375
0 0.56796875 0.44921875 0.01875 0.021875
0 0.659375 0.346875 0.01875 0.0296875
0 0.9484375 0.0421875 0.065625 0.03828125
1 0.86484375 0.80234375 0.01328125 0.0296875
0 0.89140625 0.81171875 0.01484375 0.0328125
0 0.9796875 0.871875 0.02734375 0.034375
0 0.8109375 0.9125 0.01484375 0.01953125
0 0.85625 0.9515625 0.0203125 0.025
0 0.61875 0.7875 0.01796875 0.028125
0 0.628125 0.43984375 0.01953125 0.02578125