1 0.4484375 0.77109375 0.025 0.02578125
0 0.2828125 0.6703125 0.03046875 0.03828125
0 0.23984375 0.6421875 0.01875 0.0265625
0 0.39296875 0.4609375 0.0421875 0.04609375
0 0.415625 0.64765625 0.03359375 0.0359375
0 0.12578125 0.4390625 0.01640625 0.0265625
0 0.38984375 0.1515625 0.02578125 0.0296875
0 0.2453125 0.06328125 0.03359375 0.053125
0 0.28359375 0.02109375 0.0234375 0.02734375
1 0.16484375 0.015625 0.0296875 0.03125
0 0.04609375 0.06796875 0.03125 0.03984375
0 0.03984375 0.1078125 0.0265625 0.01953125
0 0.115625 0.20546875 0.01875 0.028125
0 0.0515625 0.2265625 0.0328125 0.01640625
0 0.1171875 0.059375 0.01484375 0.01484375
1 0.26640625 0.153125 0.01875 0.01953125
1 0.49765625 0.190625 0.015625 0.02265625
0 0.93984375 0.13828125 0.07109375 0.0734375