0 0.63125 0.39609375 0.03671875 0.05546875
0 0.3953125 0.50234375 0.015625 0.02265625
0 0.2859375 0.56796875 0.03515625 0.04765625
0 0.31171875 0.6828125 0.0171875 0.028125
0 0.36953125 0.709375 0.02421875 0.03046875
0 0.52734375 0.76875 0.0125 0.025
0 0.53359375 0.8359375 0.01953125 0.02890625
0 0.8078125 0.78671875 0.0203125 0.0421875
0 0.834375 0.89140625 0.0203125 0.02265625
0 0.93515625 0.93828125 0.0359375 0.04375
0 0.9515625 0.6625 0.0203125 0.0265625
0 0.871875 0.66875 0.0234375 0.02734375
0 0.221875 0.8046875 0.01484375 0.0171875