0 0.11015625 0.30078125 0.0171875 0.03046875
0 0.68828125 0.13984375 0.06796875 0.06953125
0 0.6921875 0.22578125 0.0421875 0.03515625
0 0.63671875 0.29453125 0.04140625 0.25078125
0 0.6625 0.4671875 0.02109375 0.02734375
0 0.828125 0.33671875 0.02109375 0.0359375
0 0.78671875 0.35390625 0.0171875 0.03203125
0 0.87734375 0.45625 0.01953125 0.03828125
0 0.86171875 0.6 0.02109375 0.03359375
1 0.31640625 0.58203125 0.01484375 0.01875
1 0.28984375 0.478125 0.0140625 0.021875
0 0.23828125 0.90703125 0.01484375 0.0296875
0 0.41796875 0.80703125 0.01640625 0.01875
0 0.4109375 0.94765625 0.01796875 0.03125