0 0.59140625 0.675 0.03359375 0.04453125
1 0.38828125 0.53828125 0.01953125 0.0234375
1 0.21953125 0.59375 0.028125 0.021875
1 0.2125 0.67109375 0.01640625 0.03125
0 0.00703125 0.425 0.0140625 0.040625
1 0.553125 0.36484375 0.02109375 0.0171875
0 0.60546875 0.5265625 0.0140625 0.021875
0 0.571875 0.27578125 0.01875 0.0171875
0 0.496875 0.28046875 0.01875 0.02265625
0 0.49296875 0.39921875 0.01640625 0.03046875
0 0.31796875 0.24375 0.015625 0.034375
1 0.60390625 0.19140625 0.01484375 0.028125
0 0.66796875 0.1109375 0.01171875 0.02265625