0 0.12734375 0.5734375 0.22734375 0.378125
0 0.2765625 0.2796875 0.01328125 0.02578125
0 0.434375 0.24609375 0.01875 0.03125
1 0.46015625 0.22265625 0.0171875 0.0171875
0 0.43203125 0.41953125 0.0203125 0.0234375
0 0.2734375 0.7921875 0.0171875 0.02421875
0 0.36875 0.703125 0.0171875 0.0265625
0 0.5484375 0.63203125 0.0140625 0.02578125
0 0.57421875 0.76484375 0.0125 0.03515625
0 0.72578125 0.85546875 0.01796875 0.021875
0 0.77578125 0.690625 0.01875 0.02734375
0 0.85546875 0.69609375 0.025 0.0296875
1 0.92578125 0.759375 0.02109375 0.01796875
0 0.69375 0.38984375 0.0171875 0.02734375
1 0.8578125 0.30234375 0.02265625 0.02890625
1 0.89453125 0.24140625 0.01875 0.03125