0 0.0109375 0.48125 0.01796875 0.0328125
0 0.6953125 0.34453125 0.0328125 0.04140625
0 0.6640625 0.3828125 0.0140625 0.03125
1 0.70234375 0.478125 0.0125 0.02578125
1 0.66015625 0.471875 0.01796875 0.021875
0 0.85078125 0.4234375 0.01875 0.03203125
0 0.86796875 0.1421875 0.015625 0.02421875
0 0.42734375 0.0859375 0.01953125 0.034375
0 0.50625 0.0328125 0.0109375 0.03046875
0 0.425 0.334375 0.015625 0.03359375
1 0.35078125 0.425 0.01484375 0.02734375
0 0.140625 0.33984375 0.01796875 0.0328125
0 0.1109375 0.353125 0.01796875 0.02421875
0 0.1734375 0.7390625 0.04375 0.0515625
0 0.509375 0.61171875 0.0140625 0.025
0 0.3109375 0.39140625 0.03203125 0.02265625
1 0.35546875 0.02890625 0.01640625 0.015625