0 0.025 0.63671875 0.009375 0.01328125
0 0.00546875 0.7921875 0.0109375 0.01796875
0 0.0609375 0.853125 0.01171875 0.01796875
1 0.1703125 0.6984375 0.0125 0.01796875
0 0.11796875 0.94609375 0.00703125 0.06484375
0 0.31796875 0.978125 0.0640625 0.0359375
0 0.25703125 0.95234375 0.0171875 0.02734375
1 0.28359375 0.7515625 0.00859375 0.01875
0 0.334375 0.6515625 0.0359375 0.0203125
0 0.42890625 0.640625 0.0171875 0.01953125
0 0.59296875 0.64453125 0.015625 0.015625
1 0.81640625 0.9015625 0.01171875 0.03203125
1 0.84375 0.81796875 0.0125 0.01640625
0 0.7953125 0.76015625 0.015625 0.02265625
0 0.6859375 0.68515625 0.0203125 0.02109375
1 0.71875 0.62109375 0.0125 0.015625
0 0.365625 0.4734375 0.01171875 0.0171875
0 0.93203125 0.2984375 0.015625 0.021875
0 0.7828125 0.2828125 0.015625 0.01953125
0 0.9046875 0.1359375 0.01171875 0.01796875
1 0.8578125 0.221875 0.01015625 0.025
0 0.50625 0.34765625 0.0140625 0.01328125