1 0.2875 0.43125 0.01484375 0.01796875
1 0.30546875 0.6171875 0.0171875 0.02734375
0 0.4453125 0.98515625 0.01484375 0.0125
1 0.5421875 0.765625 0.0125 0.02109375
1 0.52109375 0.71171875 0.01015625 0.0125
0 0.4453125 0.6390625 0.01015625 0.0125
1 0.6515625 0.4703125 0.01484375 0.02578125
0 0.67109375 0.31875 0.01640625 0.01484375
0 0.7078125 0.2765625 0.021875 0.015625
0 0.8765625 0.08046875 0.00546875 0.009375
0 0.4515625 0.18203125 0.01328125 0.02265625
0 0.63828125 0.628125 0.0171875 0.0171875