0 0.23046875 0.8703125 0.02265625 0.05078125
1 0.15390625 0.79609375 0.01953125 0.01640625
1 0.1953125 0.778125 0.01875 0.021875
0 0.209375 0.42890625 0.0171875 0.02265625
0 0.3265625 0.1921875 0.021875 0.02578125
0 0.36796875 0.23984375 0.015625 0.01640625
1 0.375 0.221875 0.01328125 0.02109375
1 0.38984375 0.1828125 0.015625 0.021875
0 0.5671875 0.11171875 0.0125 0.025
0 0.6109375 0.08125 0.03203125 0.01953125
1 0.22265625 0.07890625 0.015625 0.021875
0 0.9046875 0.09765625 0.02109375 0.0296875
1 0.93359375 0.8890625 0.021875 0.01796875
0 0.8828125 0.93203125 0.01328125 0.02109375
0 0.60078125 0.51015625 0.034375 0.0359375
0 0.6296875 0.2453125 0.025 0.02734375
1 0.43125 0.6453125 0.0234375 0.02578125
1 0.49375 0.9234375 0.0140625 0.025
1 0.60078125 0.9265625 0.01484375 0.01640625
1 0.20546875 0.46796875 0.015625 0.01484375